MixtureNum     = 32
VecSize        = 69
VecSizeStore   = 72
nTotalParamSize       = 18688
*************** Weight ****************
[mix=   1] fWeight=0.041979
[mix=   2] fWeight=0.025077
[mix=   3] fWeight=0.026658
[mix=   4] fWeight=0.035352
[mix=   5] fWeight=0.020597
[mix=   6] fWeight=0.021865
[mix=   7] fWeight=0.015919
[mix=   8] fWeight=0.027425
[mix=   9] fWeight=0.024464
[mix=  10] fWeight=0.036796
[mix=  11] fWeight=0.038272
[mix=  12] fWeight=0.028944
[mix=  13] fWeight=0.029399
[mix=  14] fWeight=0.031467
[mix=  15] fWeight=0.023458
[mix=  16] fWeight=0.025919
[mix=  17] fWeight=0.062903
[mix=  18] fWeight=0.040447
[mix=  19] fWeight=0.020218
[mix=  20] fWeight=0.036735
[mix=  21] fWeight=0.028863
[mix=  22] fWeight=0.026101
[mix=  23] fWeight=0.028968
[mix=  24] fWeight=0.025473
[mix=  25] fWeight=0.028161
[mix=  26] fWeight=0.054878
[mix=  27] fWeight=0.030394
[mix=  28] fWeight=0.052129
[mix=  29] fWeight=0.036066
[mix=  30] fWeight=0.022298
[mix=  31] fWeight=0.031092
[mix=  32] fWeight=0.021684
*************** Mean ****************
[mix=   1] mean=    0.904605    0.800454   -0.018500    0.345196   -0.447896    0.179271   -0.082377    0.234414   -0.197984    0.172111   -0.162016    0.039832   -0.026815    0.018205    0.011483    0.054977   -0.033732    0.031839   -0.031297    0.017794   -0.011114    0.022264   -1.396147   -0.025716    0.016207    0.030455    0.044078    0.011898    0.006128    0.017708   -0.000744    0.000574   -0.000714    0.004592   -0.008187    0.007247   -0.007148    0.006321    0.001357   -0.000372   -0.000881   -0.000102    0.001445    0.001055   -0.001407   -0.042886   -0.392720   -0.452030   -0.022587   -0.232371    0.215548   -0.047290    0.048976   -0.090749    0.058433   -0.084510    0.086771   -0.011597    0.005511   -0.002933   -0.008378   -0.015459    0.013096   -0.011630    0.007618   -0.005570   -0.002203   -0.001938    0.779205
[mix=   2] mean=   -0.214026   -0.840682   -0.504987    0.204307    0.803817    0.024722   -0.752888   -0.439231    0.575538    0.751732    0.306128   -1.003321   -0.764976    0.387309    1.177200    0.288464   -1.052852   -0.886842    0.671048    1.175452   -0.161859   -1.069754    0.876634    0.065155   -0.065505   -0.028618    0.059235   -0.016630   -0.029489   -0.055926    0.001727    0.027100    0.065694    0.046323   -0.006204   -0.120943   -0.109387    0.050307    0.210334    0.104916   -0.197276   -0.221780    0.084784    0.241312    0.050987    0.017423    0.053231    0.708260    0.567085   -0.181001   -0.829854   -0.095396    0.765165    0.439522   -0.432743   -0.776492   -0.305989    0.943958    0.732901   -0.412459   -1.109379   -0.234330    1.036634    0.774918   -0.674056   -1.056898    0.222110    0.962674   -0.702827
[mix=   3] mean=   -0.713542    0.261622    0.835562   -0.998231    0.521016    0.202156   -0.879095    1.007351   -0.323272   -0.572349    0.951637   -0.690527    0.030841    0.551465   -0.704065    0.411931    0.103023   -0.486666    0.521443   -0.218240   -0.203060    0.374795    0.107044    0.012047   -0.016894    0.010604   -0.035640   -0.005507    0.058605   -0.032866   -0.002407    0.015554   -0.031901    0.015038    0.022395   -0.033233    0.015828    0.001473   -0.016278    0.021880   -0.010444   -0.004611    0.016945   -0.015571   -0.002630    0.003387    0.510746   -0.069244   -0.586375    0.658522   -0.335656   -0.138136    0.592321   -0.673967    0.231933    0.371096   -0.671274    0.515505   -0.042126   -0.416046    0.568880   -0.348758   -0.085816    0.426763   -0.461616    0.186127    0.198536   -0.352999   -0.180545
[mix=   4] mean=    0.459671    0.015814   -0.181847   -0.026553   -0.244774    0.143489    0.014753   -0.001496   -0.015087    0.077472   -0.052019    0.065046   -0.084308   -0.054713   -0.020416    0.043618    0.033551    0.016007   -0.004784    0.011920   -0.029914   -0.010055   -0.168550    0.790517    1.286584   -0.038468    0.062659   -0.531215   -0.169915    0.232086    0.311295   -0.245361    0.113858   -0.138950    0.020815    0.076898    0.000049   -0.056973    0.015361   -0.020122    0.048816   -0.014496    0.012969   -0.029862    0.031616   -1.523940   -0.840218   -0.285619    0.348424    0.125384    0.304592   -0.154801   -0.115579   -0.059171    0.176740   -0.082573    0.057119   -0.121299    0.051863    0.034594    0.061325   -0.044515   -0.017655   -0.025525    0.010405   -0.015394    0.030595    0.001535    0.508039
[mix=   5] mean=   -0.847053    0.763925    0.037797   -1.128370    1.234771   -1.113956    0.485141    0.499490   -1.077191    1.087911   -0.655904   -0.048706    0.659955   -0.956014    0.851511   -0.424529   -0.135366    0.583075   -0.745328    0.630815   -0.264893   -0.130944    0.206842    0.019820    0.002553   -0.045228   -0.051936    0.042990   -0.006024    0.013661    0.003799   -0.021620    0.011722   -0.013876    0.020166   -0.022308    0.012959   -0.006722   -0.005319    0.019417   -0.018936    0.009714   -0.005297   -0.000673    0.014184    0.017543    0.584369   -0.372349   -0.162688    0.641974   -0.753128    0.717873   -0.297514   -0.315048    0.724363   -0.853729    0.598120   -0.055376   -0.471114    0.800440   -0.798707    0.455585    0.063538   -0.501842    0.690035   -0.600927    0.259051    0.119921   -0.207615
[mix=   6] mean=    1.054300    0.957907   -0.249429    0.352175   -0.520956    0.145243   -0.039016    0.205288   -0.153687    0.167307   -0.127758    0.001902   -0.007348   -0.023250    0.027858    0.056193   -0.022676    0.034234   -0.036889    0.007669   -0.007187    0.020852   -1.550721   -0.291945   -0.180510    0.237824    0.018874    0.075761   -0.027310    0.001962   -0.039794    0.045578   -0.042703    0.050577   -0.018697    0.009034   -0.004421    0.001711   -0.004134    0.002868   -0.003936   -0.000412    0.001568   -0.004006    0.002182    0.239721   -1.286698   -1.233819    0.341488   -0.441778    0.569045   -0.080505    0.025978   -0.215322    0.170204   -0.191440    0.156554   -0.018948   -0.010015    0.026742   -0.009424   -0.045884    0.022253   -0.038147    0.032377   -0.000351   -0.002482   -0.015140    1.952669
[mix=   7] mean=   -1.289107   -0.956463    0.923991   -0.408978    0.010799    0.969332   -0.913658   -0.502371    1.347566   -1.076332    0.038040    0.852038   -0.926896    0.124075    0.789004   -0.919997    0.319819    0.358416   -0.631255    0.243880    0.415016   -0.561878    1.360974   -0.027518   -0.053360   -0.020833   -0.085868    0.123013    0.007192   -0.175955    0.128597    0.004024   -0.127509    0.149709   -0.036057   -0.103929    0.138322   -0.039029   -0.063782    0.081385   -0.047125   -0.023747    0.056592   -0.019633   -0.018418    0.087731    0.970351    0.796480   -0.709589    0.514346   -0.047572   -0.990730    0.878308    0.443324   -1.230069    1.021545   -0.006846   -0.971248    1.015622   -0.112851   -0.843131    0.962904   -0.300560   -0.459378    0.752752   -0.305442   -0.443437    0.612285   -1.120003
[mix=   8] mean=   -0.102588   -1.132048    0.291503    1.221871   -0.897376   -0.656629    1.015509    0.173604   -0.934925    0.069197    0.842215   -0.371324   -0.621278    0.467022    0.494780   -0.673923   -0.188778    0.677454    0.041890   -0.629296    0.020939    0.476568    0.658322   -0.019338   -0.068248    0.027420    0.016163   -0.085274    0.056093    0.078901   -0.112990   -0.024580    0.122293   -0.013230   -0.116690    0.038195    0.070982   -0.044878   -0.034058    0.049303    0.004949   -0.033944    0.011400    0.014642   -0.026307    0.064287    0.028311    0.676653   -0.130948   -0.850844    0.582078    0.608886   -0.866351   -0.303240    0.962494    0.038655   -0.926323    0.304657    0.741323   -0.530315   -0.524423    0.674228    0.239330   -0.700909   -0.022827    0.606441   -0.068217   -0.417515   -0.352467
[mix=   9] mean=    0.421003   -0.191605   -0.912110   -0.677751    0.124844    0.727942    0.750802   -0.337753   -0.830450   -0.653515   -0.176303    0.776610    1.052944    0.330580   -0.595325   -0.967949   -0.628427    0.307342    0.995149    0.594019   -0.461115   -0.855689    0.470858    0.116234    0.023100   -0.051034    0.020402   -0.062615   -0.018413   -0.004274    0.066996    0.013240   -0.032296   -0.076564   -0.086410   -0.001941    0.142621    0.151880    0.019953   -0.136172   -0.179476   -0.060999    0.143859    0.184281    0.012618   -0.057233   -0.426373    0.271587    0.660153    0.520854    0.040194   -0.637226   -0.606923    0.176700    0.618126    0.536421    0.174298   -0.588540   -0.793725   -0.221552    0.467713    0.707263    0.453613   -0.244691   -0.764779   -0.466528    0.380136    0.677409   -0.411706
[mix=  10] mean=   -0.365469   -0.799693    0.321413    0.486076   -0.129890   -0.215451   -0.212734    0.058778    0.409241   -0.193103   -0.257688    0.172555    0.320515   -0.171271   -0.405380   -0.123623    0.608678    0.320860   -0.580963   -0.511689    0.410697    0.502357    0.687832    0.032442    0.013677   -0.002331    0.002249   -0.015335    0.014597    0.004944   -0.002228   -0.004826    0.002176   -0.009247    0.005265    0.008536    0.013102   -0.014465   -0.030033   -0.003156    0.050306    0.025678   -0.043995   -0.041449    0.023123   -0.038897    0.115525    0.175442   -0.151746   -0.231761    0.115320    0.169036    0.016596   -0.094762   -0.162757    0.088486    0.212249   -0.081333   -0.253395    0.071802    0.276965    0.084493   -0.363620   -0.209640    0.356647    0.287708   -0.259087   -0.261557   -0.112025
[mix=  11] mean=    0.177977    0.131720    0.084691    0.067750   -0.241397    0.056114    0.053200    0.039789   -0.017165    0.040017   -0.018355    0.018490   -0.009472   -0.061376    0.012683    0.014262    0.018406    0.003907    0.001156    0.009964   -0.021680   -0.000603   -0.241226   -0.756945   -1.213600   -0.066219   -0.057078    0.427156    0.103608   -0.117383   -0.281266    0.186265   -0.116290    0.185602   -0.048134   -0.042987   -0.033375    0.053089   -0.036592    0.028463   -0.036388    0.024866   -0.012946    0.012672   -0.023999    1.549138   -0.495204   -0.424961   -0.143328   -0.035252    0.366332   -0.058518   -0.088108   -0.175698    0.137080   -0.044195    0.065664   -0.071206   -0.012329    0.036994    0.018302   -0.024260    0.001895   -0.021982    0.013827   -0.017273    0.032021   -0.015884    0.735988
[mix=  12] mean=   -0.296907   -1.158779    0.673045    0.843093   -1.165798    0.344193    0.850233   -1.120918   -0.145917    1.173835   -0.481559   -0.751238    0.828986    0.050279   -0.696915    0.353316    0.475586   -0.691429   -0.011066    0.573937   -0.254524   -0.271896    0.745382   -0.008984   -0.014702    0.028388   -0.089758   -0.003112    0.137013   -0.086233   -0.096213    0.153587   -0.002935   -0.162796    0.095337    0.073720   -0.117708    0.011876    0.082690   -0.059045   -0.032664    0.069995   -0.026863   -0.041841    0.047987    0.034026    0.246129    0.769621   -0.511689   -0.509084    0.892189   -0.283077   -0.776040    0.919630    0.283105   -1.129042    0.376909    0.818928   -0.865680   -0.149727    0.849918   -0.406750   -0.522955    0.716842    0.038395   -0.605632    0.264458    0.267921   -0.492045
[mix=  13] mean=   -0.270269   -0.956551   -0.213017    0.708695    0.660803   -0.571972   -0.888637    0.264212    0.919793    0.115779   -0.764232   -0.647212    0.770032    0.754026   -0.284694   -1.066249   -0.030506    1.079144    0.332821   -0.924025   -0.571874    0.599327    0.808338    0.033143   -0.010589    0.020130    0.031273   -0.039946   -0.017552   -0.008873    0.027373    0.021679    0.006117   -0.043006   -0.040565   -0.012615    0.077092    0.086012   -0.048930   -0.137179   -0.020223    0.138602    0.084804   -0.098663   -0.119542   -0.022777    0.096147    0.648781    0.313922   -0.616431   -0.683789    0.555862    0.829292   -0.304222   -0.803442   -0.195247    0.768497    0.629053   -0.733906   -0.714414    0.288953    0.943667    0.016324   -0.959446   -0.250002    0.806975    0.427747   -0.530785   -0.511172
[mix=  14] mean=   -0.548733   -0.951190    0.995536    0.144926   -0.809961    1.018087   -0.210639   -1.084752    1.149839    0.085932   -1.080326    0.795740    0.174439   -0.891026    0.680899    0.196984   -0.746491    0.397239    0.361215   -0.671436    0.201433    0.345148    0.745837    0.061235    0.031544   -0.053268   -0.075103    0.038989    0.049037   -0.061894    0.043625    0.017308   -0.091971    0.033036    0.068519   -0.079891    0.008051    0.041218   -0.042027    0.004122    0.034951   -0.030878   -0.000624    0.015391   -0.015473   -0.025597    0.431588    0.623638   -0.737053    0.079094    0.590808   -0.841888    0.138326    0.900961   -0.931686   -0.110378    0.985230   -0.740729   -0.232873    0.916418   -0.624179   -0.291757    0.810654   -0.419199   -0.381734    0.688219   -0.194608   -0.355458   -0.516859
[mix=  15] mean=   -0.932564    0.350765    0.254319   -1.266376    1.272614   -0.587134   -0.305197    1.083063   -1.158856    0.360970    0.518532   -1.063676    1.042960   -0.442659   -0.367783    0.919804   -0.944649    0.533086    0.058972   -0.582426    0.765434   -0.484039    0.535166    0.043193   -0.024119   -0.078488   -0.084971    0.073208    0.013246   -0.002875    0.015992   -0.061073    0.033623   -0.012989    0.011980    0.005811   -0.027899    0.018109   -0.009299   -0.000561    0.014746   -0.017297    0.008818   -0.002308   -0.000658    0.046791    0.663385   -0.133086   -0.278305    0.854640   -0.883009    0.406550    0.250249   -0.863441    0.979411   -0.407110   -0.353623    0.910382   -0.971947    0.470949    0.277225   -0.850935    0.936268   -0.547634   -0.049723    0.578996   -0.768067    0.483988   -0.435292
[mix=  16] mean=   -0.939545    1.292731   -0.764070   -0.163223    0.472154   -1.006676    1.235901   -1.079109    0.990556   -0.758836    0.476157   -0.188853   -0.116366    0.290042   -0.443666    0.491862   -0.376128    0.248379   -0.089965   -0.051983    0.164618   -0.205542    0.047599   -0.110027    0.023455   -0.025920   -0.085054    0.104672   -0.065033    0.048481   -0.031833    0.014897   -0.010434    0.026579    0.001647   -0.008995    0.013640   -0.030498    0.028714   -0.017717    0.005597    0.005741   -0.013158    0.015746   -0.012120    0.089837    0.722966   -0.975479    0.486840   -0.190987   -0.124543    0.644650   -0.823955    0.822314   -0.859771    0.639278   -0.382074    0.156909    0.107290   -0.267442    0.367519   -0.411995    0.342692   -0.221955    0.079361    0.045185   -0.152539    0.188804    0.009472
[mix=  17] mean=    0.948987    0.874974   -0.112769    0.281599   -0.376884    0.156251   -0.053036    0.219827   -0.236447    0.186696   -0.162871    0.059919   -0.028991    0.022807   -0.004749    0.068580   -0.053611    0.046019   -0.028268    0.019692   -0.006591    0.022546   -1.406749    0.048227    0.037007   -0.005810    0.023466   -0.013326    0.006314   -0.001931    0.002893   -0.006318    0.008818   -0.007635    0.004530   -0.001452    0.000833   -0.001381    0.001918   -0.002570    0.002787   -0.000477    0.000646    0.000347   -0.000537   -0.068917   -0.056623   -0.070928    0.009289   -0.038957    0.024681   -0.006041   -0.000112   -0.007926    0.009451   -0.014474    0.014596   -0.003016    0.000994    0.001359   -0.000458   -0.003947    0.004076   -0.003412    0.001600   -0.001079   -0.001187   -0.000754    0.132440
[mix=  18] mean=    0.479603    0.119933   -0.016879   -0.057191   -0.240505    0.396560   -0.165399    0.025043    0.009018   -0.090953    0.041033    0.162628   -0.155586    0.039692   -0.035415   -0.032583    0.097097    0.005643   -0.082096    0.035788   -0.003483    0.003954   -0.456409    0.109449    0.121274   -0.049300    0.029235   -0.048493   -0.009419    0.024562    0.013288   -0.028168    0.032742   -0.027571    0.007882    0.010939   -0.005033    0.002036   -0.005847   -0.010331    0.011631    0.003383    0.002361   -0.000754   -0.007734   -0.158403   -0.104302    0.114406    0.012307    0.096296    0.045250   -0.286226    0.143008    0.069477   -0.092696    0.125089   -0.075637   -0.108191    0.119734   -0.023296    0.007011    0.052843   -0.097703    0.005315    0.066898   -0.032339   -0.010535    0.019863   -0.008825
[mix=  19] mean=    0.692321    0.106856   -0.850883   -0.691166   -0.423341    0.207916    0.924128    0.529546   -0.132563   -0.439526   -0.858094   -0.523768    0.160775    0.771808    0.706545    0.274660   -0.227551   -0.604946   -0.537899   -0.054676    0.488298    0.502349    0.186284    0.066584    0.063853   -0.010173    0.017840   -0.033478   -0.023834   -0.062935    0.021409    0.057962    0.037220    0.004043   -0.042600   -0.099913   -0.069256    0.038307    0.104879    0.091085    0.023245   -0.049201   -0.091022   -0.057819    0.031060   -0.075281   -0.628416   -0.055437    0.529077    0.441166    0.465339   -0.155544   -0.613403   -0.469991    0.031123    0.312075    0.589796    0.359713   -0.099278   -0.531039   -0.442658   -0.167505    0.130154    0.409492    0.383810    0.053523   -0.365384   -0.385221   -0.063040
[mix=  20] mean=    0.733897    0.569064   -0.122556    0.047388   -0.363930    0.092043   -0.029306    0.185427   -0.149630    0.089125   -0.098098    0.041495   -0.008910    0.026775   -0.022938    0.022696   -0.020701    0.026071   -0.026641    0.028010   -0.019986    0.012799   -0.884828    0.304282    0.641617    0.181626    0.435641   -0.357265   -0.125583   -0.008589    0.143176   -0.028729    0.152353   -0.095724   -0.083524    0.040684   -0.044683    0.055042    0.029984   -0.033736    0.019307   -0.020176    0.012276   -0.001012    0.011495   -0.980874   -0.910168   -0.715872    0.101865   -0.218808    0.553693    0.002761    0.015893   -0.213939    0.106088   -0.110124    0.144782   -0.010477   -0.014433   -0.024288   -0.004939   -0.004875    0.026648   -0.027837    0.024756   -0.030324    0.021814   -0.006565    1.130515
[mix=  21] mean=    0.564967    0.669867    0.062613    0.169379   -0.299681    0.057731   -0.011796    0.189423   -0.136932    0.096573   -0.076837    0.014295   -0.007985    0.010030   -0.006102    0.055747   -0.031113    0.031041   -0.034575    0.020041   -0.016430    0.020371   -1.018050   -0.938000   -0.848250    0.074014   -0.488765    0.576000   -0.032680    0.061683   -0.202607    0.096559   -0.188713    0.204783   -0.002149   -0.015192    0.012159   -0.037263   -0.029592    0.036462   -0.026261    0.029318   -0.019203    0.001358   -0.012587    1.465052   -0.454699   -0.656075   -0.237792   -0.267516    0.378297    0.009906    0.011124   -0.193678    0.066324   -0.076893    0.100084    0.002084   -0.010331   -0.002350   -0.013385   -0.040519    0.027645   -0.020369    0.030707   -0.018461    0.012489   -0.016331    1.038029
[mix=  22] mean=   -0.369562   -1.068329    0.245913    1.128555   -0.161420   -1.108225    0.000480    0.969614    0.173804   -0.967291   -0.087310    0.808994    0.131276   -0.936046   -0.122667    0.878673    0.273331   -1.005677   -0.246881    0.898619    0.316454   -0.714498    0.791748    0.012368   -0.010700    0.026158    0.020192   -0.064680   -0.007092    0.059446    0.014929   -0.052565   -0.030908    0.044232    0.034036   -0.030260   -0.014787   -0.013708    0.009691    0.029045    0.017894   -0.034281   -0.042179    0.035942    0.055129   -0.009946    0.133467    0.574676   -0.056684   -0.858049    0.031801    0.985896   -0.027924   -0.950929   -0.063160    0.920587    0.148415   -0.895400   -0.147456    0.918043    0.168218   -0.867451   -0.251906    0.906587    0.220829   -0.796158   -0.248982    0.618470   -0.364615
[mix=  23] mean=   -1.411186   -0.776726   -0.048251    0.167387    0.378366   -0.685538    0.440049   -0.209336    0.195578   -0.034695    0.120775   -0.445411    0.443102   -0.215162   -0.037363   -0.036302    0.112856    0.087313   -0.003081   -0.273624    0.022345    0.219374    1.553942   -0.064005   -0.083995    0.070475   -0.012100    0.003859    0.014229   -0.072270   -0.002433    0.062562    0.003951   -0.077072    0.012184    0.055860    0.006765   -0.016690   -0.021459   -0.010651    0.019414    0.018010   -0.020062   -0.007624    0.005320    0.079212    0.860569    0.478580    0.169955   -0.159268   -0.313398    0.475693   -0.337069    0.131114    0.034024   -0.123577    0.003294    0.307241   -0.407811    0.158783    0.102249   -0.006611   -0.055556   -0.125992    0.020955    0.260115   -0.035386   -0.235144   -1.043184
[mix=  24] mean=    0.294646   -0.368026   -0.892817   -0.482416    0.491136    0.809483    0.180877   -0.865130   -0.662642   -0.044903    0.701823    1.085377    0.110835   -0.974162   -0.959153   -0.170345    0.912927    1.004160   -0.120817   -1.118205   -0.497520    0.554087    0.558854    0.099169   -0.023251   -0.069658    0.019400   -0.028743    0.024476    0.009630    0.006160   -0.057449   -0.053134   -0.037901    0.039110    0.139140    0.108263   -0.074553   -0.212207   -0.128551    0.107793    0.235079    0.088834   -0.172363   -0.191403   -0.009669   -0.336326    0.376276    0.723175    0.419961   -0.332826   -0.777706   -0.166269    0.680579    0.569606    0.091564   -0.540653   -0.902750   -0.054728    0.816646    0.724121    0.075483   -0.752686   -0.784362    0.143130    0.940156    0.356871   -0.512439   -0.475993
[mix=  25] mean=    0.156914   -0.576713   -0.800302   -0.181979    0.769454    0.597249   -0.454277   -0.857228   -0.064613    0.537622    0.930343    0.106114   -0.972627   -0.784705    0.229607    1.003581    0.660676   -0.671315   -1.096169    0.005656    0.995517    0.473905    0.652031    0.080541   -0.047312   -0.047639    0.038564   -0.018029    0.022405   -0.020304   -0.035667   -0.044459   -0.001384    0.032116    0.100860    0.050330   -0.090187   -0.182755   -0.056373    0.201325    0.201560   -0.067618   -0.235145   -0.099964    0.155462    0.001094   -0.206149    0.521144    0.721749    0.174305   -0.681884   -0.602720    0.410166    0.752750    0.120891   -0.438369   -0.813040   -0.092577    0.851163    0.639835   -0.246859   -0.852489   -0.501198    0.594448    0.894289   -0.054232   -0.829893   -0.340305   -0.551253
[mix=  26] mean=    0.515740    0.679592   -0.022461    0.015998   -0.196253    0.004769    0.035499    0.186847   -0.175890    0.101274   -0.070924    0.029022    0.006089    0.017550   -0.029827    0.051672   -0.042639    0.024169   -0.006995    0.013707   -0.006459    0.019111   -0.940161    0.047833    0.067361    0.004147    0.031674   -0.023093   -0.001679    0.000116    0.012240   -0.008721    0.012102   -0.009266    0.004418   -0.003659    0.001959   -0.001057    0.003409   -0.003848    0.000907    0.001677    0.002805   -0.000538   -0.001993   -0.105889   -0.017559   -0.117663   -0.002379   -0.017052    0.016991    0.042944   -0.029673   -0.019394    0.011798   -0.013516    0.005528    0.014776   -0.016874    0.004797    0.000965   -0.005644    0.010601   -0.002244   -0.005880    0.000219    0.000304   -0.004267    0.150402
[mix=  27] mean=    0.001252   -0.103808   -0.236633    0.018003    0.092835   -0.096572    0.094769   -0.087522   -0.021807   -0.049476    0.054465    0.085478    0.036869   -0.015987   -0.031887   -0.030934   -0.016478    0.014687    0.005548   -0.001062   -0.004465   -0.014647    0.190930    0.031359    0.011587   -0.011101    0.009980   -0.007651    0.007306   -0.000053   -0.000194    0.000077    0.000697   -0.003875    0.002561   -0.007377    0.004390    0.001899    0.005934   -0.003792   -0.000559   -0.002738    0.000497    0.000834   -0.001881   -0.029893    0.010537   -0.016800    0.024458   -0.017185    0.001534    0.022837   -0.030187    0.016395   -0.000703    0.008336   -0.009775   -0.006714   -0.001746    0.003306    0.002664    0.001031    0.003040   -0.002384   -0.004579    0.005601    0.002036   -0.001348   -0.005165
[mix=  28] mean=   -0.051812    0.658061    0.109554   -0.038532   -0.065988   -0.353758    0.266897    0.092727   -0.115530    0.152839   -0.059361   -0.070328    0.097208   -0.103388    0.019356    0.029077   -0.040779    0.046440    0.019708   -0.025815   -0.011947    0.021985   -0.580438   -0.066959    0.021007    0.038267    0.004612    0.033969   -0.005304    0.004328    0.006512    0.004904   -0.011363    0.019210    0.002186   -0.001422    0.005566   -0.007389    0.003901   -0.002485   -0.002647    0.005634   -0.002526    0.000691    0.002211   -0.028385    0.153482   -0.442118   -0.162191   -0.092522    0.067333    0.303894   -0.176891   -0.041343    0.038348   -0.128426    0.073357    0.065929   -0.096153    0.080058   -0.031397   -0.006437    0.042469   -0.034577   -0.033299    0.034199    0.005685   -0.015661    0.393885
[mix=  29] mean=    0.047488   -0.676522   -0.273501    0.372474    0.176412   -0.142589   -0.181057   -0.108529    0.145666    0.229069    0.051693   -0.289041   -0.242838    0.199856    0.545634    0.019822   -0.755350   -0.386005    0.684610    0.645019   -0.349274   -0.677174    0.550620    0.035571    0.017919   -0.006195    0.002815   -0.023470    0.001787    0.014121    0.008699   -0.009173    0.000338    0.004831    0.006018   -0.024643   -0.022279    0.019913    0.055691    0.006272   -0.061723   -0.052005    0.043961    0.064024   -0.002257   -0.036990   -0.048187    0.216873    0.137277   -0.236975   -0.111607    0.150327    0.103078   -0.006154   -0.056584   -0.137584   -0.046031    0.179243    0.166967   -0.082774   -0.347208   -0.068252    0.462028    0.242903   -0.419770   -0.372497    0.238534    0.369109   -0.124544
[mix=  30] mean=   -1.023682   -0.366095    0.640401   -1.047427    0.879650    0.360364   -1.183260    0.895310    0.046487   -1.096317    1.316835   -0.618083   -0.367503    1.067484   -0.977607    0.176047    0.610973   -0.857552    0.614060   -0.055749   -0.528219    0.551174    0.933862    0.075973   -0.036071   -0.078474   -0.041993    0.050962    0.023270   -0.049611    0.037218   -0.060123    0.011813    0.019093   -0.035733    0.030292    0.008207   -0.015029    0.007573   -0.022338    0.014133    0.018290   -0.005454   -0.011925   -0.007427    0.023217    0.762242    0.325120   -0.502722    0.876794   -0.731201   -0.343116    1.050717   -0.857199    0.054430    0.958310   -1.259883    0.627947    0.350314   -1.069024    1.010187   -0.215476   -0.626593    0.918859   -0.643105    0.014294    0.601819   -0.629832   -0.735293
[mix=  31] mean=   -0.635278   -0.419935    0.991700   -0.597996   -0.118866    0.983517   -1.017648    0.061479    0.958664   -1.131367    0.341766    0.599158   -0.981519    0.526219    0.368719   -0.840029    0.569874    0.025332   -0.506715    0.510724    0.019467   -0.450161    0.503788    0.091727   -0.005549   -0.060474   -0.002724   -0.029382    0.033848    0.031775   -0.020613   -0.039228    0.025267   -0.015870    0.011834    0.011813   -0.025355    0.005689    0.017952   -0.020935    0.009287   -0.002554   -0.011965    0.018504    0.003970   -0.027298    0.481327    0.278138   -0.709333    0.549297    0.078590   -0.746983    0.741886   -0.034859   -0.733265    0.895528   -0.274491   -0.519679    0.832389   -0.429244   -0.351779    0.772541   -0.519187   -0.067938    0.530920   -0.500441   -0.026140    0.429605   -0.376660
[mix=  32] mean=   -0.847474    0.890651   -0.390435   -0.880315    1.138488   -1.371048    1.267435   -0.575505   -0.159665    0.676966   -0.991131    0.977638   -0.703069    0.241130    0.203433   -0.546585    0.755070   -0.645492    0.364542   -0.077008   -0.252036    0.431579    0.283591    0.007846   -0.009022   -0.065092   -0.056048    0.054525   -0.028687    0.034793   -0.017935   -0.010168    0.007691   -0.011317    0.034016   -0.038767    0.022412   -0.028684    0.017113    0.014034   -0.013026    0.016574   -0.022274    0.009505   -0.007008    0.050000    0.642165   -0.619962    0.170825    0.520567   -0.763055    1.006725   -0.937905    0.478148    0.030770   -0.509028    0.828252   -0.868224    0.672327   -0.270136   -0.168732    0.515244   -0.709354    0.622231   -0.356671    0.059752    0.259500   -0.423632   -0.212238
*************** DiagCov ****************
[mix=   1] diagcov=    2.750925    3.680009    2.289275    3.446150    4.274051    4.213373    4.775984    4.762633    5.650576    5.616761    5.707253    6.320180    6.820484    6.936016    7.137840    7.545393    7.831769    8.244658    8.538124    8.639616    8.714275    8.662434    3.586269    2.306758    2.843827    2.342641    2.857383    3.570636    3.831561    4.107498    4.437787    4.519057    4.602388    4.989836    5.374842    5.723892    5.854143    5.935975    6.068799    6.238105    6.470119    6.702182    6.842875    6.820351    6.753711    2.351270    1.817479    1.817497    1.565245    1.971022    2.494832    2.677390    2.794940    3.122301    3.262897    3.467376    3.743570    4.083542    4.379859    4.470283    4.637834    4.791848    5.020692    5.266075    5.508942    5.681423    5.687080    5.685129    1.991820
[mix=   2] diagcov=    1.394022    1.993052    1.443719    1.114196    1.046757    1.078882    0.949506    0.926703    1.001423    0.878996    1.020430    0.964276    0.789905    0.805213    1.081747    0.768180    1.019377    0.942577    0.888217    1.139567    0.671173    0.989028    3.566737    0.777272    0.763479    0.768227    0.624521    0.656678    0.629262    0.556167    0.620526    0.618126    0.580457    0.608567    0.505535    0.600757    0.539347    0.557266    0.527656    0.546840    0.539149    0.499744    0.559892    0.491821    0.540683    0.960266    0.918590    0.974356    0.910477    0.841920    0.834276    0.849594    0.779106    0.783951    0.829109    0.780854    0.814980    0.806581    0.773508    0.748380    0.881113    0.720930    0.874456    0.797318    0.759893    0.872039    0.612028    0.792459    1.214074
[mix=   3] diagcov=    1.660681    2.044812    1.175679    1.776833    1.754882    1.629626    1.627092    1.752403    1.650713    1.652692    1.808259    1.756063    1.682298    1.685488    1.681880    1.602267    1.549022    1.626354    1.667854    1.549669    1.550100    1.575249    2.650379    0.936326    1.213945    0.945189    0.989183    1.066875    1.134415    1.116448    1.149927    1.157363    1.169060    1.216316    1.239845    1.251684    1.305685    1.283868    1.225680    1.224659    1.305442    1.331901    1.322842    1.326071    1.326721    1.136726    1.379755    1.522174    1.178890    1.354688    1.522559    1.513337    1.550749    1.574181    1.572081    1.594309    1.735429    1.744180    1.706128    1.701712    1.675607    1.608163    1.586642    1.658408    1.660784    1.557275    1.555036    1.539275    1.714910
[mix=   4] diagcov=    2.444480    2.270148    1.658297    1.551138    1.785769    1.660872    1.803835    1.728387    1.697220    1.590557    1.727115    1.715510    1.693753    1.691564    1.696430    1.726971    1.717464    1.797655    1.803748    1.814912    1.747986    1.790213    4.258751    0.736538    0.934881    0.580791    0.571175    0.673343    0.653941    0.659283    0.661747    0.699156    0.720747    0.749379    0.745452    0.771709    0.772414    0.772275    0.787786    0.815290    0.837951    0.846584    0.867585    0.876647    0.887204    1.354574    1.333030    1.112360    1.123577    1.088452    1.138559    1.186254    1.202884    1.174706    1.149143    1.152770    1.238039    1.247775    1.251238    1.237287    1.229388    1.253023    1.228946    1.253482    1.243026    1.251342    1.203710    1.209951    1.386549
[mix=   5] diagcov=    1.607070    2.039001    1.176503    1.786642    1.717212    1.671169    1.631415    1.425951    1.359401    1.332910    1.412829    1.404467    1.406049    1.423553    1.410265    1.258161    1.195733    1.208529    1.246792    1.223807    1.107141    1.091305    2.530668    0.872609    1.191826    1.040707    0.953630    0.862624    0.907572    0.950883    0.951973    0.968191    0.977523    0.954235    0.968329    1.038144    1.051344    0.977083    0.941082    0.959479    1.024906    1.025952    0.986578    0.970284    0.989195    1.218392    1.201082    1.505768    1.209995    1.216732    1.226670    1.338222    1.413112    1.341203    1.273795    1.307700    1.390403    1.470559    1.454608    1.410572    1.409813    1.377313    1.315838    1.295715    1.296908    1.290415    1.198109    1.143718    1.650766
[mix=   6] diagcov=    1.722283    2.788446    2.247999    3.225026    3.693321    4.022684    4.557938    4.466172    5.311049    5.266848    5.454917    5.774270    6.216217    6.211682    6.321593    6.488313    6.686285    6.896374    7.081246    7.044913    7.078152    7.022621    1.590988    0.845509    0.983068    1.252614    1.541450    1.832902    2.238511    2.398782    2.547648    2.658674    2.774780    3.071734    3.378089    3.584469    3.649461    3.752527    3.827294    3.934267    4.067328    4.233798    4.292925    4.281458    4.234252    0.573558    0.673879    0.766395    0.640259    0.706620    0.879939    0.969111    0.997081    1.099843    1.225981    1.323199    1.415049    1.516972    1.635292    1.702658    1.787478    1.841285    1.948698    2.041941    2.130932    2.193037    2.247205    2.291949    0.714032
[mix=   7] diagcov=    0.984609    1.269776    0.724611    0.983537    0.784691    0.756772    0.792008    0.750495    0.740310    0.754589    0.662075    0.705831    0.635178    0.578900    0.564658    0.592958    0.505370    0.525177    0.518685    0.522822    0.472412    0.521110    1.580874    0.348726    0.458883    0.513732    0.445630    0.406841    0.489231    0.438603    0.382693    0.435248    0.391725    0.360239    0.453037    0.428797    0.388027    0.421992    0.430233    0.409626    0.416845    0.427683    0.415105    0.425915    0.418487    0.362214    0.493488    0.632919    0.523212    0.606026    0.563154    0.546586    0.556436    0.569917    0.562983    0.579624    0.537429    0.567732    0.545873    0.504728    0.504696    0.526207    0.459568    0.469822    0.481500    0.468017    0.429929    0.477820    0.537225
[mix=   8] diagcov=    1.359363    2.405905    0.941274    1.196544    1.391846    1.388929    1.419957    1.252147    1.239083    1.048079    1.150211    0.970552    1.190870    0.976966    0.918339    1.098013    0.785602    1.063827    0.721239    0.917192    0.666690    0.773319    3.068241    1.081232    0.919918    0.787375    0.760730    0.774245    0.808409    0.849979    0.697419    0.822134    0.706938    0.754297    0.730873    0.736960    0.739520    0.719967    0.740365    0.722744    0.723158    0.705566    0.693671    0.684800    0.668921    1.145940    1.345167    1.068535    0.929739    0.983446    0.997497    1.119102    1.180864    1.046090    1.112777    0.978873    1.099572    0.940383    1.078859    0.920491    0.910438    0.990921    0.785996    1.021300    0.713455    0.919471    0.679314    0.784260    1.454438
[mix=   9] diagcov=    1.948960    2.055007    2.034125    1.586265    1.482499    1.199053    1.180274    1.309308    1.352283    1.196544    1.210015    1.243419    1.203073    1.019457    1.269603    1.282095    1.180531    1.028372    1.406324    1.271457    1.015456    1.482423    3.840756    1.043972    0.991402    0.982914    0.998011    0.892312    0.815873    0.781321    0.858688    0.839999    0.857312    0.868504    0.723175    0.804293    0.728328    0.721868    0.808783    0.801829    0.720829    0.811251    0.756608    0.751754    0.822090    1.128666    1.199340    1.163775    1.158224    1.147142    1.110157    1.041470    1.003775    1.100304    1.084227    1.004740    1.061742    1.048989    1.071457    0.938408    1.087970    1.046511    1.075027    0.992621    1.114151    1.110620    0.948211    1.154006    1.360872
[mix=  10] diagcov=    1.350372    1.611217    0.813745    0.915407    0.856355    0.886772    0.967918    0.888251    0.862095    0.853801    0.710119    0.883945    0.858929    0.777051    0.777298    0.778100    0.877926    0.776185    0.824931    0.807041    0.702433    0.718668    3.300818    4.101691    4.417030    2.371278    2.332519    2.141765    1.998688    2.031878    1.851643    1.700160    1.683177    1.554895    1.701952    1.535422    1.514138    1.457602    1.354962    1.370836    1.289991    1.287361    1.252531    1.182952    1.158507    8.633971    3.156988    2.983763    1.983294    1.938398    1.865562    1.717458    1.818745    1.663767    1.581632    1.568427    1.461303    1.653516    1.519809    1.491927    1.414917    1.411682    1.441563    1.388657    1.352817    1.361530    1.206906    1.179070    5.530482
[mix=  11] diagcov=    1.743864    1.856450    1.390574    1.509950    1.755071    1.694571    1.967344    1.920492    1.916537    1.813169    1.942820    1.929097    1.958551    1.982069    2.000856    2.080759    2.085404    2.193173    2.204322    2.236378    2.147774    2.187185    3.135747    0.497212    0.565866    0.454276    0.485547    0.573593    0.587501    0.608597    0.625821    0.651886    0.672706    0.696751    0.702625    0.729043    0.754829    0.772199    0.795259    0.827310    0.846499    0.870705    0.879592    0.897703    0.913418    0.722049    0.611319    0.628220    0.644615    0.712567    0.789033    0.814572    0.840828    0.845000    0.863165    0.875140    0.906301    0.900379    0.908898    0.918275    0.917901    0.945476    0.947595    0.983729    0.980572    1.000790    0.994067    1.010424    0.624250
[mix=  12] diagcov=    1.659954    2.251465    1.084266    1.247814    1.262569    1.338316    1.463912    1.380016    1.149433    1.222247    1.068201    1.076264    1.069999    0.924807    1.062670    0.904327    0.890420    0.957870    0.753379    0.884747    0.730729    0.740321    3.197758    0.922548    0.785752    0.721063    0.654807    0.759080    0.676326    0.715885    0.695459    0.530707    0.730270    0.612750    0.642045    0.704090    0.640097    0.710279    0.691446    0.681742    0.703782    0.671454    0.690892    0.690493    0.688339    0.987253    1.272256    0.976627    0.906537    0.942673    0.937739    1.002914    1.050043    1.024530    0.912831    1.027093    0.916501    0.978625    0.990405    0.830218    1.021810    0.829449    0.855913    0.936128    0.722135    0.888619    0.715622    0.734939    1.325321
[mix=  13] diagcov=    1.376965    2.273121    1.403036    1.281127    1.235834    1.249695    1.168637    1.025510    1.060344    0.996959    0.957715    0.841665    0.993949    0.974401    0.777942    1.022274    0.763518    1.126959    0.702504    0.999255    0.712785    0.743722    3.108064    0.992844    1.037346    0.786270    0.697078    0.772431    0.656814    0.711860    0.732585    0.672588    0.716073    0.613259    0.674284    0.628368    0.673401    0.652560    0.660589    0.595711    0.634717    0.591056    0.608290    0.609428    0.581146    1.339188    1.116686    1.063034    1.002365    0.994907    0.997676    0.999209    0.991634    0.942391    0.959513    0.889459    0.907241    0.885877    0.918940    0.915981    0.814689    0.947728    0.756573    0.985334    0.705219    0.901788    0.693399    0.730661    1.343183
[mix=  14] diagcov=    1.867154    2.041911    1.120526    1.361931    1.248948    1.265410    1.428651    1.328460    1.333032    1.104898    1.270906    1.197279    1.023917    1.092191    1.042756    0.914703    1.059283    0.908660    0.847965    0.987728    0.777319    0.825983    3.095952    0.910260    0.777995    0.746153    0.709141    0.715069    0.789662    0.634122    0.743491    0.643588    0.563735    0.754873    0.709043    0.637848    0.762979    0.711383    0.704753    0.762885    0.724476    0.741557    0.744044    0.727947    0.728839    0.969960    1.303544    1.012054    0.925015    1.018413    0.965600    0.988134    1.010332    1.027188    1.021336    0.975894    1.048658    1.081620    0.963541    1.043506    0.983998    0.901203    1.035382    0.897179    0.848632    0.986906    0.785396    0.830686    1.347261
[mix=  15] diagcov=    1.779153    1.874404    1.099205    1.589293    1.578233    1.431800    1.152217    1.194435    1.318362    1.244953    1.229514    1.244148    1.207585    1.050948    0.983522    1.052636    1.050298    0.926252    0.836212    0.923383    0.952847    0.875479    2.725180    0.730954    0.900747    0.765749    0.794890    0.697036    0.662439    0.661808    0.747884    0.750702    0.686655    0.703116    0.785829    0.723147    0.659884    0.687464    0.751942    0.725204    0.657923    0.679069    0.726463    0.750268    0.716531    0.958808    1.051552    1.271998    0.936689    0.978542    1.012184    1.066739    0.994331    1.002523    1.072306    1.093114    1.101961    1.127317    1.120359    1.031252    0.990310    1.058499    1.068182    0.952284    0.855178    0.937367    0.982748    0.873947    1.375520
[mix=  16] diagcov=    1.423675    1.646010    1.175983    1.551798    1.645825    1.498793    1.603961    1.467975    1.474407    1.339833    1.193782    1.015259    0.959911    0.980396    1.065271    1.188620    1.229335    1.179570    1.130363    1.116016    1.118915    1.178532    2.216072    0.768408    0.815350    0.977238    1.041588    1.058584    0.932934    0.919119    0.915378    0.915708    1.008290    1.057784    1.081350    1.098505    1.091725    1.081862    1.105303    1.118278    1.138111    1.148274    1.153082    1.171000    1.167024    1.179966    0.973394    1.130121    1.081752    1.120029    1.214265    1.185643    1.220787    1.263957    1.322939    1.297552    1.248347    1.126404    1.080384    1.065208    1.118747    1.211047    1.248329    1.202273    1.145305    1.119123    1.122956    1.160105    1.313732
[mix=  17] diagcov=    3.278575    4.890369    2.268239    3.652581    4.404995    4.714503    5.590932    5.633617    7.268838    7.090439    6.972334    7.772019    8.449633    8.758333    8.960111    9.351621    9.985093   10.000000   10.000000   10.000000   10.000000   10.000000    4.053389   10.000000   10.000000   10.000000   10.000000   10.000000   10.000000   10.000000   10.000000   10.000000   10.000000   10.000000   10.000000   10.000000   10.000000   10.000000   10.000000   10.000000   10.000000   10.000000   10.000000   10.000000   10.000000   10.000000   10.000000   10.000000   10.000000   10.000000   10.000000   10.000000   10.000000   10.000000   10.000000   10.000000   10.000000   10.000000   10.000000   10.000000   10.000000   10.000000   10.000000   10.000000   10.000000   10.000000   10.000000   10.000000   10.000000
[mix=  18] diagcov=    2.276421    2.827728    1.221475    1.934059    2.129019    2.289099    2.041980    2.037385    2.034091    2.020486    2.106494    2.152830    2.173507    2.077274    2.115975    2.094934    2.182958    2.155549    2.262973    2.206623    2.145333    2.191887    4.369546    2.632853    1.953233    1.692018    1.957115    2.078392    2.012530    2.036867    2.038970    2.012662    1.969743    2.022825    2.073101    2.068007    2.039094    2.025136    2.037225    2.056065    2.082611    2.102541    2.120490    2.098162    2.064244    2.592897    3.761818    3.152704    2.195292    2.765698    2.773875    2.957049    2.774378    2.652377    2.526783    2.526495    2.600598    2.632545    2.630079    2.491532    2.503664    2.453001    2.519671    2.470722    2.554684    2.476214    2.403526    2.402479    4.521960
[mix=  19] diagcov=    2.153740    2.056474    2.011210    1.606894    1.414054    1.532448    1.356520    1.158110    1.183414    1.302820    1.464420    1.300473    1.014165    1.195875    1.233033    1.086130    1.180037    1.262265    1.355857    1.090238    1.033985    1.338052    3.747038    1.366376    1.320743    1.179410    1.264403    1.100413    1.238785    0.993744    1.096996    1.090601    1.044447    1.041126    1.085905    0.874982    0.916911    1.001067    0.989608    0.983726    1.065566    1.030326    0.950256    0.992600    0.964571    1.474996    1.427347    1.218383    1.255147    1.225748    1.146559    1.303735    1.127684    1.114488    1.126477    1.183554    1.232421    1.216437    1.040896    1.127697    1.122513    1.110398    1.141961    1.178377    1.237864    1.118126    1.031749    1.206814    1.417793
[mix=  20] diagcov=    3.801616    4.937406    2.766914    3.226779    3.407342    3.321526    3.276193    3.377588    3.420191    3.272016    3.375768    3.334764    3.362747    3.306544    3.286924    3.308871    3.350085    3.449742    3.484175    3.508429    3.521366    3.511766    6.045274    1.125562    1.413069    0.912565    1.052524    1.279011    1.186208    1.218932    1.343535    1.410380    1.418697    1.445386    1.504198    1.551941    1.540426    1.573957    1.598984    1.663511    1.722580    1.781168    1.848815    1.888782    1.928720    1.812752    1.518392    1.386950    1.135661    1.167659    1.344872    1.312066    1.279179    1.397732    1.471961    1.529059    1.596708    1.602060    1.618981    1.587515    1.596388    1.617497    1.636872    1.684363    1.707429    1.733289    1.751082    1.759998    1.949147
[mix=  21] diagcov=    2.665703    3.805415    2.332122    2.820988    3.395123    3.226351    3.580557    3.672632    3.953470    3.873579    4.008043    4.128567    4.314145    4.356831    4.405455    4.549607    4.634188    4.778838    4.923841    4.906348    4.921274    4.883429    4.304489    0.630439    0.711003    0.507071    0.693497    0.835376    0.781337    0.831930    0.943872    0.989542    1.055339    1.139787    1.213113    1.296014    1.349896    1.421070    1.487511    1.565584    1.651211    1.730245    1.798343    1.831662    1.874986    1.334935    1.260311    1.302262    1.125216    1.243456    1.492366    1.489196    1.527498    1.604629    1.656362    1.724518    1.762961    1.815116    1.831324    1.869460    1.901691    1.937051    1.995779    2.046608    2.109500    2.130724    2.140572    2.176538    1.524969
[mix=  22] diagcov=    1.165593    2.233711    0.977486    1.208378    1.226326    1.184758    1.111271    1.204075    0.946295    0.896879    0.840164    1.070021    0.705767    0.941022    0.776007    0.924877    0.651657    0.977060    0.593969    0.875600    0.571574    0.731238    2.637818    1.081995    1.147034    0.747796    0.757637    0.742957    0.727760    0.796865    0.724278    0.817557    0.644202    0.712511    0.644252    0.676248    0.665627    0.619770    0.648354    0.586176    0.604242    0.565275    0.577446    0.562728    0.546230    1.429635    1.138929    1.058168    0.890872    0.952229    0.936620    1.011569    0.956172    1.043015    0.923785    0.931230    0.834730    0.981160    0.756668    0.941873    0.743212    0.908783    0.666371    0.886552    0.607725    0.804799    0.581430    0.699430    1.358535
[mix=  23] diagcov=    0.753040    0.592388    0.533098    0.401600    0.384067    0.458792    0.412536    0.360091    0.381649    0.377868    0.325353    0.350059    0.340683    0.319982    0.322474    0.329826    0.307631    0.318742    0.287461    0.308773    0.298393    0.318215    1.732140    0.402577    0.581951    0.463192    0.440950    0.413644    0.367021    0.362561    0.360209    0.345340    0.332482    0.315543    0.298227    0.285709    0.291410    0.286825    0.281414    0.280299    0.264430    0.268101    0.254780    0.267626    0.268162    0.594798    0.444055    0.483825    0.450123    0.376515    0.352418    0.379873    0.355644    0.323568    0.325621    0.324093    0.280455    0.298103    0.283142    0.268097    0.272545    0.268698    0.254486    0.261779    0.235791    0.249339    0.242136    0.257565    0.652599
[mix=  24] diagcov=    1.882283    2.199706    1.948057    1.467509    1.479698    1.015210    1.407023    1.180617    1.171525    1.215533    1.089635    1.145204    1.179579    1.304506    1.081600    1.073176    1.244672    1.397806    1.050989    1.542905    1.073134    1.036763    4.030104    1.000716    0.906244    0.968795    0.908403    0.848232    0.715408    0.812041    0.716121    0.782982    0.852928    0.741464    0.740773    0.696789    0.662805    0.779404    0.692406    0.706281    0.779394    0.665172    0.757400    0.713463    0.741110    1.095721    1.165960    1.148291    1.146399    1.073395    1.110397    0.910471    1.089965    0.983628    0.967390    1.016949    0.961083    1.002739    1.016322    1.043534    0.949442    1.021396    1.030076    1.124466    0.988168    1.161766    0.958013    0.939155    1.370379
[mix=  25] diagcov=    1.751399    2.287585    1.875574    1.353262    1.407944    1.134458    1.294889    1.189672    1.148798    1.036781    1.074542    1.209029    1.233419    0.903537    0.991358    1.247128    1.113035    1.237534    1.314558    1.016388    1.237015    1.031683    4.044901    0.987593    0.886676    0.956909    0.826729    0.783622    0.750946    0.721990    0.696639    0.788567    0.779405    0.715415    0.734194    0.664284    0.750909    0.685884    0.739789    0.724402    0.670147    0.784907    0.656287    0.739928    0.701677    1.126992    1.172941    1.139544    1.150203    1.014865    1.082603    0.971085    1.049809    0.994984    0.971583    0.968690    0.985341    1.044590    1.023402    0.924126    0.979875    1.042971    1.026623    1.092189    1.079463    0.975527    1.014361    0.921877    1.420174
[mix=  26] diagcov=    3.663061    6.000807    2.324331    3.343361    3.624963    3.546519    3.622041    3.631612    4.145700    3.829188    3.806014    3.739767    3.876517    3.786372    3.712592    3.826046    3.865613    3.928329    3.941038    3.959963    3.894672    3.893096    7.060871    8.042756    9.835157    5.390761    5.882631    5.959066    5.359005    5.255199    5.061395    4.806712    4.491948    4.540444    4.466558    4.375128    4.196911    4.110104    4.111930    4.090780    4.112434    4.114291    4.105669    4.027874    3.985723   10.000000    6.317267    6.483721    4.241787    4.529261    4.759693    4.558350    4.444899    4.334023    4.180927    3.995821    4.077577    4.058230    3.993117    3.873079    3.783708    3.801310    3.790728    3.829794    3.850984    3.836357    3.779556    3.743489    8.979498
[mix=  27] diagcov=    1.216873    0.940013    0.807735    0.821773    0.826150    0.824130    0.780360    0.817592    0.827387    0.847595    0.843785    0.805387    0.802906    0.811592    0.823071    0.785013    0.803855    0.782019    0.792984    0.794528    0.770629    0.780449    2.279455    8.994601    9.925373    6.660028    6.346009    6.237632    5.344518    5.285585    4.910456    4.513341    4.318015    4.345565    4.387206    4.263567    4.053170    3.924889    3.804788    3.630235    3.594292    3.520647    3.504385    3.430476    3.236078   10.000000    7.529665    7.736926    5.592081    5.460626    5.363665    4.836198    4.741248    4.373302    4.098035    4.040887    4.079974    4.106764    4.023041    3.844615    3.806062    3.629976    3.573803    3.503146    3.500486    3.490685    3.396327    3.291291   10.000000
[mix=  28] diagcov=    1.412096    2.188872    1.495180    1.640205    1.722825    2.106962    2.216856    1.973623    1.996067    1.995575    2.047810    2.007643    2.085617    2.159818    2.178281    2.178689    2.237192    2.320216    2.387230    2.400532    2.359970    2.352086    3.544904    2.226986    2.786612    2.217847    2.241660    2.399694    2.401215    2.512914    2.474893    2.376184    2.356534    2.433732    2.490552    2.498941    2.455372    2.447145    2.419141    2.450402    2.480272    2.507537    2.520390    2.490489    2.449331    3.200819    1.441299    1.548944    1.334788    1.354118    1.544922    1.814393    1.764752    1.695103    1.670330    1.714496    1.770661    1.778988    1.817312    1.835565    1.855112    1.841111    1.884813    1.939846    1.994928    2.019909    2.006014    1.999804    1.724051
[mix=  29] diagcov=    1.581036    1.856311    1.120961    1.030524    0.975441    1.126267    0.981180    1.036125    0.990776    0.866105    1.126680    0.871850    0.837576    0.897812    1.004385    0.818476    1.066165    0.891117    1.011990    0.995698    0.745150    0.908073    3.585428    3.589697    3.398603    2.275667    2.025795    1.997926    1.848608    1.739917    1.691845    1.624419    1.441642    1.580466    1.403687    1.509899    1.406069    1.350824    1.291341    1.312255    1.230050    1.220505    1.206405    1.149102    1.129219    6.263761    3.063406    2.711370    2.096387    1.969836    1.834717    1.889527    1.719145    1.683192    1.632457    1.470790    1.714359    1.473618    1.588070    1.454687    1.560797    1.402858    1.575458    1.443932    1.485002    1.478495    1.226833    1.303564    4.760643
[mix=  30] diagcov=    1.862729    1.838399    1.029227    1.312132    1.156515    1.076340    1.008257    1.044385    1.000239    1.068185    1.090450    0.892323    0.809582    0.874219    0.850588    0.678038    0.673932    0.723408    0.682859    0.617615    0.667166    0.672680    3.572319    0.658173    0.673740    0.616483    0.665474    0.528027    0.519959    0.574345    0.557010    0.469988    0.576662    0.576865    0.481609    0.490229    0.570918    0.526995    0.472961    0.510876    0.552672    0.534469    0.533460    0.548338    0.552742    0.803708    0.976556    1.024406    0.770200    0.819295    0.808122    0.787967    0.770971    0.791897    0.794357    0.837710    0.864825    0.780038    0.732736    0.813589    0.811073    0.657342    0.658972    0.727600    0.664206    0.602010    0.648814    0.669483    1.209103
[mix=  31] diagcov=    1.962958    1.986511    1.120149    1.633363    1.409380    1.410686    1.543370    1.444228    1.492027    1.488266    1.354950    1.386975    1.452773    1.289907    1.206157    1.305993    1.151845    1.133193    1.206887    1.255108    1.013449    1.124215    2.979660    0.930883    0.877680    0.781626    0.903189    0.842011    0.869728    0.853613    0.814556    0.865176    0.859464    0.783146    0.902744    0.977950    0.869932    0.863082    0.926140    0.905883    0.916243    0.976723    0.975453    0.951416    0.931266    0.993698    1.340046    1.190820    1.002952    1.187234    1.165222    1.172833    1.216681    1.226300    1.261338    1.267133    1.261149    1.306120    1.365229    1.277078    1.228081    1.298011    1.184479    1.151158    1.245573    1.216818    1.054585    1.118641    1.461688
[mix=  32] diagcov=    1.586688    1.831293    1.174328    1.729034    1.571552    1.364934    1.503300    1.299976    1.323839    1.227507    1.263961    1.257719    1.232812    1.068176    1.000800    1.073304    1.211535    1.170170    1.040297    0.971965    0.968917    1.057274    2.506854    0.754716    0.876181    0.919630    0.899691    0.761231    0.694355    0.743333    0.806693    0.845314    0.871170    0.880501    0.872413    0.851859    0.855927    0.883441    0.909084    0.904260    0.890487    0.889942    0.902373    0.926088    0.918779    1.036713    1.034301    1.242365    1.072222    1.108287    1.077520    1.102773    1.150920    1.146766    1.166510    1.188474    1.233738    1.254616    1.242871    1.125431    1.046643    1.088199    1.207614    1.188909    1.076509    0.987516    0.978250    1.048711    1.332186
*************** Mat ****************
[mix=   1] fMat=-15.187300
[mix=   2] fMat=-74.315430
[mix=   3] fMat=-53.916416
[mix=   4] fMat=-60.574043
[mix=   5] fMat=-59.999786
[mix=   6] fMat=-35.743504
[mix=   7] fMat=-89.037422
[mix=   8] fMat=-68.627388
[mix=   9] fMat=-64.325821
[mix=  10] fMat=-54.168324
[mix=  11] fMat=-65.166580
[mix=  12] fMat=-70.105278
[mix=  13] fMat=-70.874664
[mix=  14] fMat=-68.449844
[mix=  15] fMat=-68.020515
[mix=  16] fMat=-61.899994
[mix=  17] fMat=8.413171
[mix=  18] fMat=-37.943306
[mix=  19] fMat=-60.537041
[mix=  20] fMat=-43.065823
[mix=  21] fMat=-43.716789
[mix=  22] fMat=-72.456512
[mix=  23] fMat=-103.043266
[mix=  24] fMat=-65.757126
[mix=  25] fMat=-66.406845
[mix=  26] fMat=-15.191679
[mix=  27] fMat=-33.178783
[mix=  28] fMat=-41.088570
[mix=  29] fMat=-53.349686
[mix=  30] fMat=-76.774895
[mix=  31] fMat=-61.943501
[mix=  32] fMat=-64.624603
